INFO: setting server port as: 2222
INFO: Waiting for incoming connection...
R0:192.285914,0.041792,192.286292,192.328259
R1:192.469731,0.133472,192.469793,192.603272
R2:192.622644,0.018341,192.622702,192.641046
R3:192.865383,0.121834,192.865446,192.987283
R4:192.906309,0.067281,192.987614,193.054896
R5:192.938940,0.082600,193.054961,193.137564
R6:193.003914,0.060026,193.137700,193.197732
R7:193.049374,0.206605,193.197831,193.404439
R8:193.353597,0.105280,193.404529,193.509811
R9:193.454667,0.077822,193.509882,193.587711
R10:193.470224,0.023187,193.587803,193.610992
R11:193.471924,0.135879,193.611094,193.746975
R12:193.486731,0.042700,193.747080,193.789782
R13:193.503833,0.009600,193.789866,193.799468
R14:193.517795,0.020519,193.799546,193.820066
R15:194.201404,0.152254,194.201483,194.353741
R16:194.273433,0.029252,194.353815,194.383069
R17:194.368341,0.061912,194.383149,194.445063
R18:194.469896,0.300302,194.469959,194.770264
R19:194.538039,0.122966,194.770360,194.893328
R20:194.572741,0.122442,194.893422,195.015865
R21:194.647645,0.185106,195.015947,195.201056
R22:194.698860,0.036214,195.201156,195.237372
R23:194.732256,0.209469,195.237440,195.446914
R24:194.897207,0.248530,195.447032,195.695565
R25:194.904481,0.007499,195.695664,195.703164
R26:194.979196,0.090695,195.703204,195.793902
R27:195.000607,0.035757,195.794047,195.829807
R28:195.221593,0.001686,195.829889,195.831576
R29:195.228280,0.005431,195.831642,195.837075
R30:195.289551,0.293994,195.837138,196.131135
R31:195.316847,0.158606,196.131235,196.289847
R32:195.549421,0.064667,196.289938,196.354607
R33:195.580516,0.119013,196.354675,196.473690
R34:195.627625,0.091816,196.473782,196.565600
R35:195.699539,0.003339,196.565695,196.569035
R36:195.775448,0.223819,196.569065,196.792886
R37:195.833063,0.106364,196.792990,196.899357
R38:196.100218,0.111788,196.899450,197.011240
R39:196.133724,0.036419,197.011325,197.047750
R40:196.235944,0.015124,197.047831,197.062957
R41:196.352462,0.176741,197.063050,197.239793
R42:196.410528,0.033415,197.239887,197.273305
R43:196.587324,0.186534,197.273410,197.459949
R44:196.613394,0.096708,197.460072,197.556785
R45:196.656625,0.074024,197.556877,197.630910
R46:196.970124,0.163059,197.631017,197.794077
R47:197.077286,0.214719,197.794145,198.008865
R48:197.135257,0.140512,198.008955,198.149468
R49:197.186155,0.201567,198.149549,198.351118
R50:197.301507,0.020260,198.351250,198.371512
R51:197.367452,0.210611,198.371582,198.582195
R52:197.667600,0.177430,198.582296,198.759728
R53:197.683648,0.047129,198.759812,198.806943
R54:197.786185,0.027498,198.807052,198.834552
R55:197.882922,0.030616,198.834612,198.865230
R56:198.037189,0.021360,198.865291,198.886653
R57:198.096524,0.026941,198.886724,198.913666
R58:198.117369,0.044893,198.913746,198.958640
R59:198.198759,0.197754,198.958724,199.156481
R60:198.217423,0.011230,199.156559,199.167792
R61:198.228382,0.119092,199.167861,199.286954
R62:198.296865,0.227786,199.287049,199.514837
R63:198.715275,0.040266,199.514925,199.555192
R64:198.830694,0.038326,199.555249,199.593580
R65:198.969289,0.022026,199.593667,199.615695
R66:199.004244,0.023355,199.615744,199.639100
R67:199.092123,0.109777,199.639166,199.748945
R68:199.108728,0.131443,199.749036,199.880483
R69:199.122208,0.113898,199.880568,199.994468
R70:199.140212,0.249818,199.994562,200.244382
R71:199.148033,0.061436,200.244471,200.305912
R72:199.153470,0.022877,200.306019,200.328897
R73:199.172901,0.109934,200.328976,200.438912
R74:199.332813,0.285300,200.438992,200.724294
R75:199.439762,0.118834,200.724388,200.843225
R76:199.541850,0.012076,200.843311,200.855388
R77:199.551723,0.006788,200.855452,200.862242
R78:199.625207,0.019082,200.862304,200.881388
R79:199.632534,0.142751,200.881457,201.024209
R80:199.694539,0.117406,201.024308,201.141716
R81:199.779788,0.014312,201.141812,201.156126
R82:199.785175,0.019047,201.156207,201.175299
R83:200.980696,0.011172,201.175384,201.186557
R84:201.201464,0.004631,201.201523,201.206156
R85:201.813436,0.006256,201.813537,201.819797
R86:202.017976,0.213737,202.018068,202.231809
R87:202.018461,0.016575,202.231915,202.248492
R88:202.108629,0.041423,202.249173,202.290598
R89:202.126512,0.142759,202.290699,202.433460
R90:202.370812,0.067004,202.433543,202.500549
R91:202.415381,0.050211,202.500641,202.550853
R92:202.502052,0.008747,202.550940,202.559689
R93:202.618388,0.117992,202.618445,202.736440
R94:202.694133,0.404774,202.736510,203.141286
R95:202.730488,0.175048,203.141363,203.316417
R96:202.816593,0.082609,203.316501,203.399113
R97:202.954439,0.114795,203.399274,203.514072
R98:202.958116,0.216275,203.514182,203.730458
R99:203.137314,0.148173,203.730543,203.878719
R100:203.344015,0.113487,203.878813,203.992302
R101:203.732474,0.342518,203.992436,204.334956
R102:203.966233,0.057307,204.335039,204.392354
R103:204.076240,0.147669,204.392462,204.540133
R104:204.094220,0.006677,204.540216,204.546898
R105:204.314072,0.023756,204.546967,204.570724
R106:204.419072,0.021687,204.570778,204.592466
R107:204.518435,0.031755,204.592511,204.624269
R108:204.639119,0.021935,204.639178,204.661117
R109:204.679069,0.083549,204.679124,204.762676
R110:204.686845,0.087755,204.762760,204.850518
R111:204.712216,0.296387,204.850587,205.146977
R112:204.783741,0.065824,205.147083,205.212913
R113:204.816678,0.010019,205.212998,205.223018
R114:204.943789,0.074818,205.223064,205.297893
R115:205.007630,0.049959,205.297959,205.347923
R116:205.296517,0.156817,205.348016,205.504834
R117:205.337615,0.000270,205.504915,205.505185
R118:205.394701,0.076042,205.505239,205.581283
R119:205.437068,0.022203,205.581377,205.603582
R120:205.616249,0.054968,205.616297,205.671267
R121:205.728877,0.030315,205.728965,205.759283
R122:205.794769,0.016798,205.794829,205.811629
R123:205.919372,0.003477,205.919438,205.922918
R124:206.016761,0.099223,206.016895,206.116127
R125:206.070288,0.084593,206.116233,206.200828
R126:206.182425,0.017009,206.200905,206.217916
R127:206.225109,0.082217,206.225162,206.307381
R128:206.319099,0.033171,206.319155,206.352328
R129:206.450388,0.018826,206.450488,206.469317
R130:206.585360,0.096201,206.585431,206.681635
R131:206.839174,0.024785,206.839249,206.864037
R132:206.945162,0.007644,206.945261,206.952907
R133:207.021290,0.174891,207.021355,207.196249
R134:207.051569,0.008202,207.196378,207.204581
R135:207.167526,0.037399,207.204641,207.242043
R136:207.179406,0.074955,207.242155,207.317112
R137:207.265437,0.028398,207.317209,207.345609
R138:207.375336,0.028351,207.375394,207.403749
R139:207.524941,0.017534,207.525045,207.542583
R140:207.565059,0.000299,207.565179,207.565482
R141:207.980961,0.033557,207.981037,208.014598
R142:208.156738,0.047799,208.156805,208.204608
R143:208.177669,0.209371,208.204720,208.414097
R144:208.496264,0.100075,208.496335,208.596414
R145:208.641137,0.096473,208.641218,208.737695
R146:208.654150,0.124036,208.737804,208.861845
R147:208.702647,0.206683,208.861932,209.068617
R148:208.989299,0.018966,209.068699,209.087666
R149:209.187383,0.066181,209.187448,209.253632
R150:209.345306,0.196097,209.345373,209.541474
R151:209.380677,0.172609,209.541589,209.714206
R152:209.621156,0.071541,209.714292,209.785835
R153:209.690214,0.026674,209.785929,209.812606
R154:209.708076,0.056505,209.812793,209.869304
R155:209.908072,0.157508,209.908119,210.065633
R156:209.970438,0.028665,210.065712,210.094379
R157:210.039032,0.096048,210.094472,210.190521
R158:210.059045,0.012477,210.190601,210.203079
R159:210.189158,0.056509,210.203134,210.259644
R160:210.281646,0.107356,210.281720,210.389082
R161:210.463839,0.020915,210.463917,210.484835
R162:210.483552,0.010772,210.484897,210.495671
R163:210.552645,0.037248,210.552706,210.589957
R164:210.567591,0.223892,210.590048,210.813943
R165:210.606912,0.081093,210.814037,210.895133
R166:210.846102,0.142038,210.895217,211.037260
R167:211.027526,0.033994,211.037333,211.071329
R168:211.096164,0.089615,211.096233,211.185850
R169:211.146397,0.024969,211.185934,211.210905
R170:211.240345,0.006276,211.240402,211.246679
R171:211.256810,0.086823,211.256848,211.343677
R172:211.268281,0.028338,211.343770,211.372110
R173:211.313532,0.007964,211.372194,211.380160
R174:211.353842,0.227135,211.380208,211.607345
R175:211.409648,0.025709,211.607408,211.633119
R176:211.497326,0.119546,211.634350,211.753898
R177:211.604929,0.014259,211.753987,211.768248
R178:211.671839,0.081884,211.768317,211.850206
R179:211.886504,0.019416,211.886562,211.905981
R180:211.959501,0.046289,211.959557,212.005851
R181:212.041120,0.041793,212.041183,212.082979
R182:212.218369,0.032879,212.218432,212.251313
R183:212.246475,0.084827,212.251375,212.336204
R184:212.377258,0.034405,212.377348,212.411756
R185:212.796303,0.012189,212.796374,212.808566
R186:213.024262,0.000452,213.024333,213.024787
R187:213.077255,0.124078,213.077308,213.201394
R188:213.230251,0.010149,213.230310,213.240462
R189:213.265119,0.106380,213.265180,213.371564
R190:213.465856,0.049684,213.465915,213.515605
R191:213.470976,0.102558,213.515699,213.618258
R192:213.901322,0.053521,213.901383,213.954906
R193:213.925095,0.008219,213.954998,213.963218
R194:214.125626,0.040226,214.125716,214.165948
R195:214.136185,0.089198,214.166065,214.255265
R196:214.172135,0.011768,214.255376,214.267150
R197:214.337788,0.004575,214.337852,214.342429
R198:214.343139,0.126507,214.343184,214.469697
R199:214.404405,0.048700,214.469794,214.518496
R200:214.522261,0.074226,214.522304,214.596533
R201:214.535022,0.062901,214.596616,214.659518
R202:214.621530,0.037441,214.659599,214.697042
R203:214.711998,0.182978,214.712059,214.895039
R204:214.748372,0.015509,214.895123,214.910634
R205:214.813162,0.062168,214.910702,214.972875
R206:214.907312,0.075569,214.972968,215.048539
R207:215.003843,0.147569,215.048619,215.196190
R208:215.030521,0.008672,215.196267,215.204941
R209:215.037831,0.015492,215.205015,215.220508
R210:215.295232,0.021294,215.295298,215.316595
R211:215.361042,0.028638,215.361102,215.389743
R212:215.536459,0.175501,215.536527,215.712031
R213:215.580738,0.140575,215.712123,215.852700
R214:215.623018,0.003084,215.852794,215.855879
R215:215.730728,0.125520,215.855947,215.981468
R216:215.760566,0.150710,215.981558,216.132270
R217:215.858953,0.020813,216.132349,216.153163
R218:215.895852,0.078991,216.153223,216.232218
R219:215.917981,0.093560,216.232305,216.325866
R220:215.929679,0.105920,216.325956,216.431878
R221:216.082194,0.042734,216.431958,216.474694
R222:216.104618,0.047431,216.474780,216.522213
R223:216.142596,0.040613,216.522288,216.562902
R224:216.168936,0.014008,216.562981,216.576990
R225:216.245112,0.001224,216.577045,216.578271
R226:216.326217,0.040128,216.578343,216.618474
R227:216.374119,0.111429,216.618558,216.729992
R228:216.410627,0.087404,216.730068,216.817474
R229:216.440841,0.210052,216.817545,217.027599
R230:216.521270,0.138300,217.027674,217.165976
R231:216.637272,0.031158,217.166065,217.197224
R232:216.757060,0.000502,217.197282,217.197785
R233:216.860936,0.154777,217.197803,217.352581
R234:216.937196,0.085763,217.352669,217.438434
R235:217.033596,0.042667,217.438502,217.481171
R236:217.106746,0.105744,217.481240,217.586985
R237:217.151787,0.094385,217.587066,217.681454
R238:217.313750,0.002787,217.681542,217.684331
R239:217.330406,0.096456,217.684377,217.780835
R240:217.337020,0.080404,217.780918,217.861327
R241:217.357837,0.069912,217.861379,217.931294
R242:217.478397,0.000477,217.931372,217.931850
R243:217.478558,0.025269,217.931873,217.957144
R244:217.515025,0.162400,217.957239,218.119641
R245:217.621603,0.034797,218.119721,218.154520
R246:217.641676,0.176004,218.154633,218.330639
R247:217.751790,0.031313,218.330726,218.362040
R248:217.857798,0.017177,218.362116,218.379294
R249:218.074168,0.058341,218.379333,218.437676
R250:218.091327,0.093829,218.437758,218.531589
R251:218.267966,0.017675,218.531676,218.549352
R252:218.502590,0.102034,218.549415,218.651451
R253:218.552823,0.066062,218.651537,218.717601
R254:218.756075,0.224617,218.756156,218.980775
R255:218.890484,0.217625,218.980858,219.198485
R256:218.917105,0.225779,219.198570,219.424351
R257:218.997350,0.067019,219.424445,219.491466
R258:219.065621,0.133972,219.491553,219.625528
R259:219.345599,0.075219,219.625603,219.700824
R260:219.513951,0.446682,219.700912,220.147595
R261:219.621096,0.032697,220.147689,220.180387
R262:219.895837,0.074129,220.180462,220.254592
R263:220.103316,0.118692,220.256547,220.375240
R264:220.204957,0.132026,220.375320,220.507348
R265:220.354410,0.077275,220.507429,220.584709
R266:220.384962,0.015222,220.584805,220.600029
R267:220.448623,0.166926,220.600100,220.767028
R268:220.607402,0.090990,220.767113,220.858108
R269:220.813844,0.078892,220.858192,220.937086
R270:220.867093,0.086444,220.937156,221.023603
R271:220.958040,0.013381,221.023687,221.037069
R272:221.035453,0.002793,221.037129,221.039923
R273:221.122041,0.060844,221.122100,221.182947
R274:221.242814,0.060309,221.242872,221.303184
R275:221.421655,0.056081,221.421730,221.477813
R276:221.433696,0.004143,221.477909,221.482054
R277:221.505188,0.040465,221.505300,221.545768
R278:221.673681,0.050142,221.673749,221.723894
R279:221.775286,0.044405,221.775364,221.819772
R280:221.790904,0.043514,221.819853,221.863369
R281:221.819334,0.105368,221.863433,221.968803
R282:221.821124,0.139697,221.968877,222.108575
R283:221.906436,0.049328,222.108653,222.157983
R284:221.993880,0.444320,222.158083,222.602405
R285:222.058840,0.006430,222.602504,222.608935
R286:222.064942,0.075793,222.608994,222.684788
R287:222.167679,0.020682,222.684877,222.705562
R288:222.192947,0.214219,222.705724,222.919945
R289:222.292493,0.051790,222.920045,222.971841
R290:222.426509,0.158420,222.971934,223.130358
R291:222.484317,0.247849,223.130445,223.378296
R292:222.789436,0.121398,223.378394,223.499801
R293:223.018873,0.064123,223.499888,223.564013
R294:223.059519,0.054102,223.564103,223.618207
R295:223.084307,0.052306,223.618292,223.670600
R296:223.383578,0.284973,223.670685,223.955660
R297:223.599351,0.051047,223.955752,224.006800
R298:223.619727,0.121196,224.006875,224.128077
R299:223.771314,0.024821,224.128168,224.152990
R300:224.006553,0.275881,224.153069,224.428952
R301:224.150035,0.042900,224.429040,224.471945
R302:224.190437,0.067370,224.472037,224.539410
R303:224.272792,0.017666,224.539496,224.557163
R304:224.370206,0.037204,224.557231,224.594437
R305:224.435270,0.206932,224.594519,224.801452
R306:224.541416,0.077732,224.801549,224.879283
R307:224.565120,0.009690,224.879362,224.889054
R308:224.765768,0.018491,224.889264,224.907757
R309:224.812603,0.074849,224.907811,224.982665
R310:224.916654,0.075599,224.982749,225.058350
R311:225.029604,0.068580,225.058435,225.127017
R312:225.035715,0.023158,225.127088,225.150257
R313:225.118703,0.035113,225.150345,225.185460
R314:225.120652,0.214415,225.185550,225.399966
R315:225.121578,0.122722,225.400075,225.522799
R316:225.213610,0.225595,225.522867,225.748465
R317:225.431901,0.049514,225.748555,225.798072
R318:225.450972,0.132156,225.798158,225.930316
R319:225.517950,0.281006,225.930397,226.211405
R320:225.619913,0.028881,226.211498,226.240381
R321:225.636870,0.037979,226.240480,226.278461
R322:225.850831,0.114741,226.278548,226.393291
R323:226.080608,0.026568,226.393383,226.419953
R324:226.145287,0.010873,226.420061,226.430937
R325:226.438436,0.081336,226.438489,226.519827
R326:226.639281,0.215346,226.639346,226.854697
R327:226.766196,0.027640,226.854781,226.882423
R328:226.786613,0.018906,226.882507,226.901415
R329:226.804967,0.016156,226.901495,226.917653
R330:226.903393,0.021516,226.917723,226.939240
R331:226.916985,0.001164,226.939290,226.940454
R332:227.210679,0.010652,227.210768,227.221427
R333:227.228290,0.087139,227.228331,227.315474
R334:227.290312,0.008859,227.315569,227.324430
R335:227.537160,0.006097,227.537238,227.543340
R336:227.632511,0.057170,227.632577,227.689750
R337:227.682670,0.028915,227.689830,227.718746
R338:227.740136,0.202906,227.740196,227.943109
R339:227.768196,0.017633,227.943209,227.960844
R340:227.851775,0.047113,227.960919,228.008034
R341:227.855357,0.116660,228.008120,228.124782
R342:228.023564,0.516639,228.124869,228.641510
R343:228.067714,0.061782,228.641594,228.703378
R344:228.071393,0.090341,228.703462,228.793809
R345:228.093889,0.033077,228.793899,228.826978
R346:228.214293,0.086706,228.827049,228.913760
R347:228.434512,0.004289,228.913846,228.918136
R348:228.476378,0.135519,228.918175,229.053699
R349:228.622020,0.095455,229.053785,229.149242
R350:228.742073,0.031278,229.150445,229.181725
R351:228.976719,0.029477,229.181808,229.211287
R352:229.116421,0.017464,229.211374,229.228840
R353:229.282247,0.004577,229.282304,229.286883
R354:229.371759,0.014260,229.371828,229.386091
R355:229.382540,0.012198,229.386157,229.398356
R356:229.410601,0.004984,229.410643,229.415629
R357:229.499619,0.242465,229.499682,229.742151
R358:229.720037,0.216100,229.742235,229.958337
R359:229.725861,0.024751,229.958413,229.983169
R360:229.789231,0.015411,229.983267,229.998678
R361:229.877746,0.053912,229.998735,230.052648
R362:229.965705,0.217050,230.052731,230.269784
R363:230.134820,0.072739,230.269885,230.342627
R364:230.209670,0.021266,230.342700,230.363968
R365:230.340458,0.083666,230.364067,230.447735
R366:230.371204,0.001399,230.447815,230.449215
R367:230.448506,0.035585,230.449249,230.484838
R368:230.716698,0.061622,230.716757,230.778382
R369:230.739806,0.030581,230.778464,230.809046
R370:230.791109,0.086335,230.809142,230.895481
R371:230.905083,0.026114,230.905127,230.931243
R372:230.963744,0.033734,230.963800,230.997536
R373:231.085310,0.118652,231.085382,231.204037
R374:231.109541,0.095889,231.204139,231.300030
R375:231.139452,0.155427,231.300115,231.455544
R376:231.141128,0.076517,231.455627,231.532146
R377:231.332515,0.091875,231.532217,231.624094
R378:231.371376,0.156990,231.624179,231.781170
R379:231.446287,0.024668,231.781239,231.805910
R380:231.475168,0.060194,231.805985,231.866182
R381:231.482827,0.078769,231.866276,231.945047
R382:231.703434,0.143518,231.945135,232.088655
R383:231.779237,0.111220,232.088739,232.199961
R384:232.098619,0.037183,232.200045,232.237229
R385:232.140837,0.002013,232.237282,232.239296
R386:232.145359,0.055665,232.239318,232.294984
R387:232.145892,0.102658,232.295072,232.397733
R388:232.180599,0.059006,232.397820,232.456828
R389:232.352238,0.006791,232.456903,232.463695
R390:232.415319,0.055081,232.463748,232.518830
R391:232.436587,0.003697,232.518906,232.522604
R392:232.693559,0.023404,232.693630,232.717042
R393:232.702434,0.078733,232.717186,232.795921
R394:232.826737,0.271566,232.826797,233.098366
R395:232.836557,0.015136,233.098455,233.113593
R396:233.038720,0.117988,233.113676,233.231672
R397:233.103397,0.000584,233.231867,233.232452
R398:233.253741,0.111130,233.253799,233.364932
R399:233.340246,0.213201,233.365031,233.578234
R400:233.476483,0.129124,233.578330,233.707456
R401:233.486688,0.008917,233.707549,233.716467
R402:233.779442,0.022795,233.779505,233.802307
R403:233.811651,0.008322,233.811695,233.820019
R404:233.977653,0.027053,233.977715,234.004772
R405:234.115072,0.231335,234.115139,234.346476
R406:234.134186,0.008473,234.346573,234.355047
R407:234.277322,0.155508,234.355111,234.510621
R408:234.674319,0.098263,234.674399,234.772667
R409:234.716198,0.047489,234.772779,234.820270
R410:234.777230,0.032628,234.820347,234.852977
R411:234.883436,0.011603,234.883504,234.895109
R412:234.975295,0.039568,234.975362,235.014932
R413:234.983843,0.089871,235.015019,235.104892
R414:234.998647,0.177164,235.104962,235.282129
R415:235.010864,0.019735,235.282217,235.301953
R416:235.098263,0.062721,235.302041,235.364764
R417:235.208702,0.239051,235.364849,235.603905
R418:235.246243,0.010851,235.603977,235.614829
R419:235.392481,0.060290,235.614943,235.675235
R420:235.396428,0.019809,235.675325,235.695135
R421:235.447442,0.014546,235.695205,235.709752
R422:235.507757,0.047395,235.709824,235.757220
R423:235.544664,0.087434,235.757315,235.844751
R424:235.545235,0.051650,235.844836,235.896489
R425:235.558766,0.126272,235.896576,236.022851
R426:235.567594,0.096180,236.022927,236.119109
R427:235.721785,0.168241,236.119200,236.287446
R428:235.962893,0.004028,236.287543,236.291571
R429:235.969441,0.016247,236.291605,236.307853
R430:236.044363,0.009667,236.307917,236.317585
R431:236.307352,0.075568,236.317625,236.393194
R432:236.356529,0.100425,236.393270,236.493697
R433:236.458323,0.043493,236.493777,236.537272
R434:236.535917,0.071832,236.537344,236.609178
R435:236.708833,0.020890,236.708894,236.729787
R436:236.963470,0.039060,236.963543,237.002610
R437:237.119266,0.008548,237.119331,237.127881
R438:237.167453,0.040826,237.167519,237.208348
R439:237.332546,0.226737,237.332621,237.559362
R440:237.470198,0.148383,237.559450,237.707835
R441:237.659519,0.084035,237.707917,237.791954
R442:237.784925,0.081660,237.792029,237.873691
R443:237.857604,0.072056,237.873771,237.945830
R444:237.927482,0.002493,237.945921,237.948416
R445:238.038995,0.076296,238.039080,238.115387
R446:238.180142,0.012951,238.180212,238.193166
R447:238.195161,0.125202,238.195203,238.320407
R448:238.217026,0.110767,238.320498,238.431267
R449:238.403065,0.091561,238.431352,238.522916
R450:238.423465,0.009298,238.522991,238.532290
R451:238.461050,0.008987,238.532329,238.541318
R452:238.680422,0.026262,238.680481,238.706746
R453:238.745859,0.028276,238.745921,238.774200
R454:238.768218,0.244790,238.774281,239.019073
R455:238.875468,0.058923,239.019165,239.078091
R456:238.900631,0.229529,239.078165,239.307696
R457:239.051415,0.029083,239.307785,239.336869
R458:239.066821,0.086190,239.336929,239.423121
R459:239.149231,0.022089,239.423214,239.445305
R460:239.355986,0.082710,239.445384,239.528096
R461:239.468150,0.139719,239.528191,239.667915
R462:239.646932,0.002405,239.668025,239.670432
R463:239.795429,0.080103,239.795502,239.875612
R464:239.884749,0.124095,239.884795,240.008892
R465:240.029125,0.006655,240.029214,240.035872
R466:240.062653,0.015801,240.062719,240.078523
R467:240.274780,0.037163,240.274841,240.312008
R468:240.294568,0.039663,240.312088,240.351753
R469:240.353123,0.008844,240.353183,240.362028
R470:240.457477,0.169660,240.457539,240.627203
R471:240.496957,0.009167,240.627299,240.636468
R472:240.590561,0.115431,240.636529,240.751968
R473:240.754497,0.038080,240.754552,240.792634
R474:240.805443,0.026476,240.805502,240.831981
R475:240.855650,0.005890,240.855713,240.861605
R476:240.947293,0.047165,240.947351,240.994520
R477:241.179196,0.093622,241.179271,241.272897
R478:241.392355,0.053165,241.392429,241.445600
R479:241.454181,0.021178,241.454250,241.475431
R480:241.488859,0.071644,241.488932,241.560578
R481:241.517201,0.011231,241.560662,241.571895
R482:241.553119,0.054519,241.571978,241.626498
R483:241.691624,0.017816,241.691693,241.709512
R484:241.758262,0.011930,241.758332,241.770266
R485:241.954155,0.017004,241.954239,241.971245
R486:241.988936,0.192528,241.988998,242.181529
R487:241.989272,0.137790,242.181606,242.319398
R488:242.023408,0.096936,242.319494,242.416432
R489:242.128584,0.003813,242.416523,242.420338
R490:242.147940,0.124326,242.420403,242.544731
R491:242.469177,0.164599,242.544822,242.709424
R492:242.481240,0.429100,242.709505,243.138608
R493:242.504551,0.091862,243.138690,243.230554
R494:242.581448,0.146954,243.230630,243.377590
R495:242.644235,0.103706,243.377693,243.481401
R496:242.867185,0.017920,243.481495,243.499416
R497:242.919239,0.014006,243.499487,243.513495
R498:243.101339,0.032612,243.513576,243.546189
R499:243.213415,0.063366,243.546266,243.609634
