INFO: setting server port as: 2222
INFO: Waiting for incoming connection...
R0:19100.038017,0.041792,19100.038165,19100.080093
R1:19100.221622,0.133472,19100.221698,19100.355174
R2:19100.374539,0.018341,19100.374601,19100.392944
R3:19100.617283,0.121834,19100.617365,19100.739203
R4:19100.658210,0.067281,19100.739401,19100.806683
R5:19100.690831,0.082600,19100.806782,19100.889385
R6:19100.755799,0.060026,19100.889483,19100.949511
R7:19100.801263,0.206605,19100.949606,19101.156213
R8:19101.105497,0.105280,19101.156298,19101.261579
R9:19101.206561,0.077822,19101.261658,19101.339483
R10:19101.222031,0.023187,19101.339565,19101.362754
R11:19101.223721,0.135879,19101.362845,19101.498726
R12:19101.238516,0.042700,19101.498814,19101.541515
R13:19101.255613,0.009600,19101.541565,19101.551170
R14:19101.269577,0.020519,19101.551248,19101.571768
R15:19101.953192,0.152254,19101.953256,19102.105514
R16:19102.025233,0.029252,19102.105615,19102.134869
R17:19102.120150,0.061912,19102.134948,19102.196862
R18:19102.221717,0.300302,19102.221781,19102.522086
R19:19102.289856,0.122966,19102.522170,19102.645139
R20:19102.324543,0.122442,19102.645235,19102.767679
R21:19102.399438,0.185106,19102.767768,19102.952877
R22:19102.450633,0.036214,19102.952969,19102.989185
R23:19102.484045,0.209469,19102.989256,19103.198727
R24:19102.648994,0.248530,19103.198825,19103.447357
R25:19102.656290,0.007499,19103.447507,19103.455010
R26:19102.730999,0.090695,19103.455068,19103.545769
R27:19102.752423,0.035757,19103.545872,19103.581631
R28:19102.973412,0.001686,19103.581708,19103.583394
R29:19102.980103,0.005431,19103.583428,19103.588859
R30:19103.041352,0.293994,19103.588885,19103.882881
R31:19103.068641,0.158606,19103.882990,19104.041598
R32:19103.301217,0.064667,19104.041684,19104.106353
R33:19103.332324,0.119013,19104.106422,19104.225437
R34:19103.379438,0.091816,19104.225537,19104.317355
R35:19103.451350,0.003339,19104.317470,19104.320810
R36:19103.527257,0.223819,19104.320841,19104.544661
R37:19103.584866,0.106364,19104.544753,19104.651120
R38:19103.852050,0.111788,19104.651208,19104.762997
R39:19103.885564,0.036419,19104.763107,19104.799529
R40:19103.987794,0.015124,19104.799612,19104.814738
R41:19104.104317,0.176741,19104.814824,19104.991566
R42:19104.162382,0.033415,19104.991711,19105.025128
R43:19104.339181,0.186534,19105.025216,19105.211752
R44:19104.365268,0.096708,19105.211841,19105.308552
R45:19104.408479,0.074024,19105.308644,19105.382673
R46:19104.721999,0.163059,19105.382764,19105.545825
R47:19104.829176,0.214719,19105.545892,19105.760613
R48:19104.887170,0.140512,19105.760727,19105.901241
R49:19104.938067,0.201567,19105.901327,19106.102900
R50:19105.053416,0.020260,19106.102987,19106.123249
R51:19105.119365,0.210611,19106.123335,19106.333948
R52:19105.419514,0.177430,19106.334053,19106.511484
R53:19105.435562,0.047129,19106.511574,19106.558705
R54:19105.538100,0.027498,19106.558792,19106.586297
R55:19105.634865,0.030616,19106.586367,19106.616984
R56:19105.789120,0.021360,19106.617046,19106.638408
R57:19105.848447,0.026941,19106.638477,19106.665420
R58:19105.869291,0.044893,19106.665501,19106.710399
R59:19105.950662,0.197754,19106.710492,19106.908248
R60:19105.969318,0.011230,19106.908319,19106.919550
R61:19105.980276,0.119092,19106.919597,19107.038691
R62:19106.048746,0.227786,19107.038789,19107.266577
R63:19106.467147,0.040266,19107.266682,19107.306950
R64:19106.582562,0.038326,19107.307038,19107.345366
R65:19106.721172,0.022026,19107.345449,19107.367476
R66:19106.756086,0.023355,19107.367544,19107.390900
R67:19106.843979,0.109777,19107.390972,19107.500754
R68:19106.860605,0.131443,19107.500845,19107.632290
R69:19106.874082,0.113898,19107.632363,19107.746263
R70:19106.892072,0.249818,19107.746353,19107.996173
R71:19106.899899,0.061436,19107.996267,19108.057706
R72:19106.905339,0.022877,19108.057805,19108.080683
R73:19106.924784,0.109934,19108.080738,19108.190674
R74:19107.084706,0.285300,19108.190774,19108.476076
R75:19107.191666,0.118834,19108.476180,19108.595017
R76:19107.293761,0.012076,19108.595112,19108.607190
R77:19107.303651,0.006788,19108.607263,19108.614053
R78:19107.377136,0.019082,19108.614744,19108.633828
R79:19107.384446,0.142751,19108.633906,19108.776659
R80:19107.446395,0.117406,19108.776751,19108.894159
R81:19107.531636,0.014312,19108.894252,19108.908567
R82:19107.537050,0.019047,19108.908647,19108.927716
R83:19108.732581,0.011172,19108.927794,19108.938968
R84:19108.953347,0.004631,19108.953423,19108.958057
R85:19109.565327,0.006256,19109.565409,19109.571668
R86:19109.769874,0.213737,19109.769947,19109.983687
R87:19109.770357,0.016575,19109.983784,19110.000361
R88:19109.860519,0.041423,19110.000442,19110.041868
R89:19109.878388,0.142759,19110.041955,19110.184716
R90:19110.122699,0.067004,19110.184793,19110.251799
R91:19110.167276,0.050211,19110.251897,19110.302110
R92:19110.253949,0.008747,19110.302207,19110.310956
R93:19110.370303,0.117992,19110.370370,19110.488365
R94:19110.446067,0.404774,19110.488457,19110.893233
R95:19110.482422,0.175048,19110.893316,19111.068369
R96:19110.568527,0.082609,19111.068471,19111.151082
R97:19110.706380,0.114795,19111.151175,19111.265972
R98:19110.710052,0.216275,19111.266096,19111.482377
R99:19110.889230,0.148173,19111.482470,19111.630645
R100:19111.095929,0.113487,19111.630743,19111.744232
R101:19111.484389,0.342518,19111.744364,19112.086884
R102:19111.718133,0.057307,19112.086969,19112.144278
R103:19111.828145,0.147669,19112.144364,19112.292035
R104:19111.846129,0.006677,19112.292124,19112.298802
R105:19112.065993,0.023756,19112.298859,19112.322617
R106:19112.170994,0.021687,19112.322743,19112.344432
R107:19112.270380,0.031755,19112.344517,19112.376274
R108:19112.391077,0.021935,19112.391162,19112.413100
R109:19112.431050,0.083549,19112.431107,19112.514659
R110:19112.438796,0.087755,19112.514735,19112.602492
R111:19112.464142,0.296387,19112.602568,19112.898958
R112:19112.535675,0.065824,19112.899060,19112.964886
R113:19112.568614,0.010019,19112.964981,19112.975013
R114:19112.695725,0.074818,19112.975100,19113.049920
R115:19112.759559,0.049959,19113.049992,19113.099956
R116:19113.048438,0.156817,19113.100056,19113.256874
R117:19113.089498,0.000270,19113.256954,19113.257224
R118:19113.146560,0.076042,19113.257278,19113.333322
R119:19113.188932,0.022203,19113.333418,19113.355622
R120:19113.368118,0.054968,19113.368170,19113.423141
R121:19113.480744,0.030315,19113.480809,19113.511126
R122:19113.546596,0.016798,19113.546655,19113.563458
R123:19113.671191,0.003477,19113.671264,19113.674744
R124:19113.768517,0.099223,19113.768584,19113.867810
R125:19113.822027,0.084593,19113.867877,19113.952472
R126:19113.934163,0.017009,19113.952539,19113.969549
R127:19113.976864,0.082217,19113.976925,19114.059143
R128:19114.070866,0.033171,19114.070923,19114.104097
R129:19114.202162,0.018826,19114.202229,19114.221061
R130:19114.337132,0.096201,19114.337194,19114.433399
R131:19114.590940,0.024785,19114.591025,19114.615814
R132:19114.696923,0.007644,19114.696980,19114.704626
R133:19114.773045,0.174891,19114.773105,19114.948016
R134:19114.803309,0.008202,19114.948119,19114.956355
R135:19114.919264,0.037399,19114.956419,19114.993820
R136:19114.931126,0.074955,19114.993916,19115.068872
R137:19115.017164,0.028398,19115.068959,19115.097359
R138:19115.127065,0.028351,19115.127126,19115.155483
R139:19115.276664,0.017534,19115.276777,19115.294319
R140:19115.316759,0.000299,19115.316874,19115.317174
R141:19115.732674,0.033557,19115.732744,19115.766305
R142:19115.908432,0.047799,19115.908497,19115.956302
R143:19115.929359,0.209371,19115.956388,19116.165761
R144:19116.247967,0.100075,19116.248054,19116.348131
R145:19116.392840,0.096473,19116.392905,19116.489382
R146:19116.405837,0.124036,19116.489472,19116.613511
R147:19116.454337,0.206683,19116.613614,19116.820299
R148:19116.740984,0.018966,19116.820400,19116.839367
R149:19116.939076,0.066181,19116.939146,19117.005330
R150:19117.097019,0.196097,19117.097123,19117.293224
R151:19117.132430,0.172609,19117.293328,19117.465939
R152:19117.372948,0.071541,19117.466042,19117.537585
R153:19117.441976,0.026674,19117.537691,19117.564366
R154:19117.459841,0.056505,19117.564454,19117.620961
R155:19117.659855,0.157508,19117.659917,19117.817429
R156:19117.722233,0.028665,19117.818677,19117.847344
R157:19117.790825,0.096048,19117.847436,19117.943485
R158:19117.810798,0.012477,19117.943554,19117.956034
R159:19117.940904,0.056509,19117.956106,19118.012617
R160:19118.033394,0.107356,19118.033463,19118.140823
R161:19118.215589,0.020915,19118.215669,19118.236587
R162:19118.235303,0.010772,19118.236667,19118.247441
R163:19118.304424,0.037248,19118.304481,19118.341732
R164:19118.319368,0.223892,19118.341824,19118.565718
R165:19118.358687,0.081093,19118.565818,19118.646913
R166:19118.597861,0.142038,19118.647015,19118.789055
R167:19118.779236,0.033994,19118.789140,19118.823139
R168:19118.847857,0.089615,19118.847931,19118.937549
R169:19118.898102,0.024969,19118.937648,19118.962618
R170:19118.992057,0.006276,19118.992185,19118.998465
R171:19119.008530,0.086823,19119.008581,19119.095411
R172:19119.019999,0.028338,19119.095514,19119.123854
R173:19119.065235,0.007964,19119.123983,19119.131949
R174:19119.105541,0.227135,19119.132019,19119.359156
R175:19119.161357,0.025709,19119.359233,19119.384944
R176:19119.249047,0.119546,19119.385034,19119.504582
R177:19119.356637,0.014259,19119.504678,19119.518939
R178:19119.423555,0.081884,19119.519033,19119.600922
R179:19119.638220,0.019416,19119.638283,19119.657702
R180:19119.711248,0.046289,19119.711309,19119.757600
R181:19119.792889,0.041793,19119.792950,19119.834745
R182:19119.970130,0.032879,19119.970192,19120.003075
R183:19119.998241,0.084827,19120.003150,19120.087978
R184:19120.129019,0.034405,19120.129110,19120.163517
R185:19120.548064,0.012189,19120.548129,19120.560321
R186:19120.776026,0.000452,19120.776087,19120.776542
R187:19120.829017,0.124078,19120.829079,19120.953159
R188:19120.982029,0.010149,19120.982089,19120.992241
R189:19121.016915,0.106380,19121.016973,19121.123357
R190:19121.217658,0.049684,19121.217721,19121.267409
R191:19121.222768,0.102558,19121.267501,19121.370061
R192:19121.653100,0.053521,19121.653177,19121.706706
R193:19121.676871,0.008219,19121.706796,19121.715016
R194:19121.877339,0.040226,19121.877414,19121.917644
R195:19121.887906,0.089198,19121.917742,19122.006942
R196:19121.923855,0.011768,19122.007040,19122.018810
R197:19122.089515,0.004575,19122.089576,19122.094153
R198:19122.094863,0.126507,19122.094905,19122.221414
R199:19122.156118,0.048700,19122.221516,19122.270219
R200:19122.273961,0.074226,19122.274000,19122.348248
R201:19122.286700,0.062901,19122.348322,19122.411225
R202:19122.373187,0.037441,19122.411316,19122.448759
R203:19122.463653,0.182978,19122.463699,19122.646681
R204:19122.500016,0.015509,19122.646764,19122.662274
R205:19122.564806,0.062168,19122.662320,19122.724490
R206:19122.658962,0.075569,19122.724566,19122.800137
R207:19122.755502,0.147569,19122.800206,19122.947777
R208:19122.782183,0.008672,19122.947870,19122.956543
R209:19122.789474,0.015492,19122.956587,19122.972081
R210:19123.046857,0.021294,19123.046917,19123.068213
R211:19123.112662,0.028638,19123.112733,19123.141374
R212:19123.288057,0.175501,19123.288120,19123.463625
R213:19123.332333,0.140575,19123.463706,19123.604283
R214:19123.374595,0.003084,19123.604382,19123.607467
R215:19123.482301,0.125520,19123.607499,19123.733021
R216:19123.512142,0.150710,19123.733102,19123.883814
R217:19123.610543,0.020813,19123.883901,19123.904715
R218:19123.647448,0.078991,19123.904776,19123.983771
R219:19123.669588,0.093560,19123.983846,19124.077407
R220:19123.681295,0.105920,19124.077499,19124.183422
R221:19123.833822,0.042734,19124.183498,19124.226234
R222:19123.856258,0.047431,19124.226315,19124.273752
R223:19123.894251,0.040613,19124.273812,19124.314427
R224:19123.920573,0.014008,19124.314508,19124.328517
R225:19123.996746,0.001224,19124.328568,19124.329792
R226:19124.077973,0.040128,19124.329821,19124.369951
R227:19124.125870,0.111429,19124.370047,19124.481479
R228:19124.162375,0.087404,19124.481566,19124.568972
R229:19124.192590,0.210052,19124.569064,19124.779119
R230:19124.273031,0.138300,19124.779216,19124.917518
R231:19124.388917,0.031158,19124.917605,19124.948765
R232:19124.508656,0.000502,19124.948836,19124.949339
R233:19124.612535,0.154777,19124.949942,19125.104721
R234:19124.688744,0.085763,19125.104810,19125.190575
R235:19124.785159,0.042667,19125.190660,19125.233329
R236:19124.858317,0.105744,19125.233400,19125.339151
R237:19124.903352,0.094385,19125.339233,19125.433619
R238:19125.065318,0.002787,19125.433705,19125.436494
R239:19125.081973,0.096456,19125.436543,19125.533008
R240:19125.088641,0.080404,19125.533113,19125.613519
R241:19125.109443,0.069912,19125.613588,19125.683502
R242:19125.229987,0.000477,19125.683590,19125.684068
R243:19125.230151,0.025269,19125.684098,19125.709369
R244:19125.266619,0.162400,19125.709447,19125.871854
R245:19125.373205,0.034797,19125.871941,19125.906740
R246:19125.393260,0.176004,19125.906816,19126.082821
R247:19125.503372,0.031313,19126.082904,19126.114220
R248:19125.609385,0.017177,19126.114300,19126.131479
R249:19125.825763,0.058341,19126.131537,19126.189880
R250:19125.842928,0.093829,19126.189954,19126.283785
R251:19126.019572,0.017675,19126.283877,19126.301553
R252:19126.254172,0.102034,19126.301636,19126.403675
R253:19126.304397,0.066062,19126.403765,19126.469828
R254:19126.507657,0.224617,19126.507720,19126.732345
R255:19126.642066,0.217625,19126.732433,19126.950061
R256:19126.668694,0.225779,19126.950153,19127.175934
R257:19126.748944,0.067019,19127.176043,19127.243064
R258:19126.817230,0.133972,19127.243155,19127.377134
R259:19127.097220,0.075219,19127.377227,19127.452448
R260:19127.265577,0.446682,19127.452531,19127.899215
R261:19127.372717,0.032697,19127.899315,19127.932014
R262:19127.647460,0.074129,19127.932095,19128.006226
R263:19127.854931,0.118692,19128.006320,19128.125014
R264:19127.956563,0.132026,19128.125107,19128.257135
R265:19128.106014,0.077275,19128.257226,19128.334503
R266:19128.136574,0.015222,19128.334594,19128.349819
R267:19128.200250,0.166926,19128.349909,19128.516837
R268:19128.359051,0.090990,19128.516934,19128.607925
R269:19128.565498,0.078892,19128.608018,19128.686912
R270:19128.618745,0.086444,19128.687010,19128.773457
R271:19128.709684,0.013381,19128.773542,19128.786925
R272:19128.787098,0.002793,19128.787148,19128.789942
R273:19128.873701,0.060844,19128.873767,19128.934617
R274:19128.994490,0.060309,19128.994562,19129.054874
R275:19129.173323,0.056081,19129.173452,19129.229537
R276:19129.185361,0.004143,19129.229615,19129.233759
R277:19129.256839,0.040465,19129.256924,19129.297392
R278:19129.425317,0.050142,19129.425395,19129.475540
R279:19129.526935,0.044405,19129.527011,19129.571419
R280:19129.542564,0.043514,19129.571498,19129.615014
R281:19129.571024,0.105368,19129.615073,19129.720443
R282:19129.572814,0.139697,19129.720526,19129.860225
R283:19129.658127,0.049328,19129.860411,19129.909741
R284:19129.745602,0.444320,19129.909832,19130.354154
R285:19129.810563,0.006430,19130.354242,19130.360673
R286:19129.816683,0.075793,19130.360712,19130.436507
R287:19129.919108,0.020682,19130.436607,19130.457292
R288:19129.944361,0.214219,19130.457389,19130.671613
R289:19130.043910,0.051790,19130.671711,19130.723504
R290:19130.177905,0.158420,19130.723590,19130.882016
R291:19130.235708,0.247849,19130.882108,19131.129959
R292:19130.540831,0.121398,19131.130051,19131.251452
R293:19130.770270,0.064123,19131.251553,19131.315678
R294:19130.810928,0.054102,19131.315777,19131.369881
R295:19130.835700,0.052306,19131.369962,19131.422270
R296:19131.134966,0.284973,19131.422361,19131.707337
R297:19131.350730,0.051047,19131.707428,19131.758476
R298:19131.371093,0.121196,19131.758540,19131.879737
R299:19131.522691,0.024821,19131.879826,19131.904648
R300:19131.757932,0.275881,19131.904711,19132.180594
R301:19131.901400,0.042900,19132.180684,19132.223590
R302:19131.941807,0.067370,19132.223676,19132.291048
R303:19132.024154,0.017666,19132.291141,19132.308808
R304:19132.121562,0.037204,19132.308882,19132.346088
R305:19132.186628,0.206932,19132.346178,19132.553112
R306:19132.292765,0.077732,19132.553209,19132.630946
R307:19132.316488,0.009690,19132.631044,19132.640737
R308:19132.517126,0.018491,19132.640788,19132.659281
R309:19132.563992,0.074849,19132.659322,19132.734173
R310:19132.668091,0.075599,19132.734536,19132.810136
R311:19132.781045,0.068580,19132.810236,19132.878818
R312:19132.787187,0.023158,19132.878901,19132.902061
R313:19132.870172,0.035113,19132.902143,19132.937258
R314:19132.872140,0.214415,19132.937344,19133.151761
R315:19132.873074,0.122722,19133.151861,19133.274584
R316:19132.965104,0.225595,19133.274650,19133.500247
R317:19133.183385,0.049514,19133.500340,19133.549856
R318:19133.202471,0.132156,19133.549960,19133.682119
R319:19133.269431,0.281006,19133.682209,19133.963217
R320:19133.371389,0.028881,19133.963306,19133.992189
R321:19133.388320,0.037979,19133.992272,19134.030253
R322:19133.602270,0.114741,19134.030321,19134.145064
R323:19133.832062,0.026568,19134.145157,19134.171726
R324:19133.896749,0.010873,19134.171818,19134.182692
R325:19134.189881,0.081336,19134.189934,19134.271272
R326:19134.390711,0.215346,19134.390777,19134.606126
R327:19134.517631,0.027640,19134.606227,19134.633869
R328:19134.538070,0.018906,19134.633948,19134.652856
R329:19134.556439,0.016156,19134.652923,19134.669080
R330:19134.654873,0.021516,19134.669137,19134.690655
R331:19134.668483,0.001164,19134.690749,19134.691913
R332:19134.962151,0.010652,19134.962211,19134.972866
R333:19134.979763,0.087139,19134.979801,19135.066946
R334:19135.041797,0.008859,19135.067050,19135.075911
R335:19135.288650,0.006097,19135.288732,19135.294832
R336:19135.383999,0.057170,19135.384078,19135.441251
R337:19135.434154,0.028915,19135.441326,19135.470243
R338:19135.491599,0.202906,19135.491698,19135.694607
R339:19135.519665,0.017633,19135.694715,19135.712350
R340:19135.603231,0.047113,19135.712426,19135.759542
R341:19135.606814,0.116660,19135.759633,19135.876295
R342:19135.775033,0.516639,19135.876393,19136.393038
R343:19135.819168,0.061782,19136.393129,19136.454914
R344:19135.822849,0.090341,19136.455026,19136.545372
R345:19135.845311,0.033077,19136.545448,19136.578527
R346:19135.965695,0.086706,19136.578593,19136.665301
R347:19136.185904,0.004289,19136.665395,19136.669686
R348:19136.227775,0.135519,19136.669755,19136.805277
R349:19136.373396,0.095455,19136.805346,19136.900806
R350:19136.493446,0.031278,19136.900900,19136.932179
R351:19136.728061,0.029477,19136.932278,19136.961757
R352:19136.867796,0.017464,19136.961830,19136.979295
R353:19137.033619,0.004577,19137.033689,19137.038268
R354:19137.123150,0.014260,19137.123211,19137.137474
R355:19137.133925,0.012198,19137.137543,19137.149743
R356:19137.161967,0.004984,19137.162016,19137.167010
R357:19137.250995,0.242465,19137.251077,19137.493546
R358:19137.471410,0.216100,19137.493638,19137.709740
R359:19137.477236,0.024751,19137.709833,19137.734587
R360:19137.540598,0.015411,19137.734679,19137.750092
R361:19137.629104,0.053912,19137.750170,19137.804087
R362:19137.717022,0.217050,19137.804194,19138.021246
R363:19137.886134,0.072739,19138.021335,19138.094080
R364:19137.960992,0.021266,19138.094162,19138.115430
R365:19138.091780,0.083666,19138.115528,19138.199199
R366:19138.122518,0.001399,19138.199282,19138.200682
R367:19138.199811,0.035585,19138.200710,19138.236296
R368:19138.467995,0.061622,19138.468073,19138.529697
R369:19138.491123,0.030581,19138.529786,19138.560368
R370:19138.542435,0.086335,19138.560445,19138.646781
R371:19138.656405,0.026114,19138.656453,19138.682570
R372:19138.715052,0.033734,19138.715118,19138.748854
R373:19138.836628,0.118652,19138.836681,19138.955336
R374:19138.860841,0.095889,19138.955424,19139.051315
R375:19138.890777,0.155427,19139.051395,19139.206824
R376:19138.892493,0.076517,19139.206892,19139.283411
R377:19139.083892,0.091875,19139.283491,19139.375371
R378:19139.122735,0.156990,19139.375454,19139.532452
R379:19139.197627,0.024668,19139.532530,19139.557200
R380:19139.226486,0.060194,19139.557266,19139.617465
R381:19139.234141,0.078769,19139.617549,19139.696323
R382:19139.454750,0.143518,19139.696407,19139.839930
R383:19139.530542,0.111220,19139.840034,19139.951256
R384:19139.849911,0.037183,19139.951330,19139.988516
R385:19139.892128,0.002013,19139.988577,19139.990591
R386:19139.896665,0.055665,19139.990613,19140.046279
R387:19139.897210,0.102658,19140.046361,19140.149022
R388:19139.931916,0.059006,19140.149414,19140.208423
R389:19140.103557,0.006791,19140.208506,19140.215298
R390:19140.166642,0.055081,19140.215354,19140.270440
R391:19140.187905,0.003697,19140.270516,19140.274214
R392:19140.444876,0.023404,19140.444946,19140.468353
R393:19140.453783,0.078733,19140.468438,19140.547177
R394:19140.578080,0.271566,19140.578131,19140.849707
R395:19140.587900,0.015136,19140.849808,19140.864945
R396:19140.790068,0.117988,19140.864989,19140.982979
R397:19140.854740,0.000584,19140.983085,19140.983669
R398:19141.005090,0.111130,19141.005141,19141.116277
R399:19141.091595,0.213201,19141.116366,19141.329568
R400:19141.227827,0.129124,19141.329662,19141.458787
R401:19141.238033,0.008917,19141.458882,19141.467805
R402:19141.530797,0.022795,19141.530853,19141.553651
R403:19141.563028,0.008322,19141.563079,19141.571404
R404:19141.729052,0.027053,19141.729138,19141.756195
R405:19141.866479,0.231335,19141.866548,19142.097886
R406:19141.885631,0.008473,19142.097979,19142.106454
R407:19142.028763,0.155508,19142.106532,19142.262042
R408:19142.425761,0.098263,19142.425862,19142.524129
R409:19142.467642,0.047489,19142.524226,19142.571720
R410:19142.528679,0.032628,19142.571821,19142.604454
R411:19142.634883,0.011603,19142.634942,19142.646551
R412:19142.726731,0.039568,19142.726798,19142.766369
R413:19142.735277,0.089871,19142.766453,19142.856326
R414:19142.750053,0.177164,19142.856407,19143.033573
R415:19142.762260,0.019735,19143.033664,19143.053400
R416:19142.849663,0.062721,19143.053486,19143.116210
R417:19142.960108,0.239051,19143.116304,19143.355357
R418:19142.997628,0.010851,19143.355443,19143.366298
R419:19143.143879,0.060290,19143.366376,19143.426668
R420:19143.147839,0.019809,19143.426757,19143.446568
R421:19143.198851,0.014546,19143.446656,19143.461202
R422:19143.259171,0.047395,19143.461256,19143.508652
R423:19143.296078,0.087434,19143.508746,19143.596183
R424:19143.296656,0.051650,19143.596266,19143.647921
R425:19143.310184,0.126272,19143.648017,19143.774292
R426:19143.319024,0.096180,19143.774430,19143.870612
R427:19143.473208,0.168241,19143.870718,19144.038961
R428:19143.714327,0.004028,19144.039073,19144.043102
R429:19143.720859,0.016247,19144.043134,19144.059383
R430:19143.795798,0.009667,19144.059455,19144.069123
R431:19144.058789,0.075568,19144.069170,19144.144740
R432:19144.107950,0.100425,19144.144822,19144.245251
R433:19144.209757,0.043493,19144.245369,19144.288864
R434:19144.287351,0.071832,19144.288969,19144.360805
R435:19144.460282,0.020890,19144.460351,19144.481244
R436:19144.714910,0.039060,19144.714978,19144.754042
R437:19144.870712,0.008548,19144.870776,19144.879327
R438:19144.918914,0.040826,19144.918975,19144.959804
R439:19145.084025,0.226737,19145.084113,19145.310857
R440:19145.221767,0.148383,19145.310947,19145.459332
R441:19145.411094,0.084035,19145.459419,19145.543456
R442:19145.536513,0.081660,19145.543542,19145.625205
R443:19145.609195,0.072056,19145.625327,19145.697385
R444:19145.679082,0.002493,19145.697457,19145.699952
R445:19145.790600,0.076296,19145.790657,19145.866961
R446:19145.931725,0.012951,19145.931799,19145.944754
R447:19145.946774,0.125202,19145.946824,19146.072028
R448:19145.968642,0.110767,19146.072119,19146.182887
R449:19146.154682,0.091561,19146.182978,19146.274541
R450:19146.175090,0.009298,19146.274638,19146.283938
R451:19146.212675,0.008987,19146.283999,19146.292988
R452:19146.432053,0.026262,19146.432118,19146.458383
R453:19146.497495,0.028276,19146.497561,19146.525841
R454:19146.519859,0.244790,19146.525935,19146.770727
R455:19146.627104,0.058923,19146.770822,19146.829747
R456:19146.652274,0.229529,19146.829826,19147.059357
R457:19146.803074,0.029083,19147.059466,19147.088550
R458:19146.818473,0.086190,19147.088638,19147.174831
R459:19146.900882,0.022089,19147.174930,19147.197021
R460:19147.107638,0.082710,19147.197106,19147.279821
R461:19147.219800,0.139719,19147.279911,19147.419633
R462:19147.398588,0.002405,19147.419723,19147.422130
R463:19147.547089,0.080103,19147.547188,19147.627295
R464:19147.636417,0.124095,19147.636488,19147.760586
R465:19147.780786,0.006655,19147.780863,19147.787520
R466:19147.814327,0.015801,19147.814410,19147.830213
R467:19148.026474,0.037163,19148.026528,19148.063694
R468:19148.046257,0.039663,19148.063779,19148.103448
R469:19148.104814,0.008844,19148.104852,19148.113697
R470:19148.209166,0.169660,19148.209239,19148.378902
R471:19148.248664,0.009167,19148.378985,19148.388153
R472:19148.342270,0.115431,19148.388201,19148.503634
R473:19148.506219,0.038080,19148.506271,19148.544354
R474:19148.557174,0.026476,19148.557242,19148.583722
R475:19148.607404,0.005890,19148.607464,19148.613356
R476:19148.699043,0.047165,19148.699110,19148.746281
R477:19148.930961,0.093622,19148.931031,19149.024657
R478:19149.144125,0.053165,19149.144198,19149.197366
R479:19149.205954,0.021178,19149.206018,19149.227199
R480:19149.240615,0.071644,19149.240673,19149.312322
R481:19149.268943,0.011231,19149.312403,19149.323635
R482:19149.304842,0.054519,19149.323696,19149.378217
R483:19149.443327,0.017816,19149.443384,19149.461203
R484:19149.509930,0.011930,19149.510023,19149.521956
R485:19149.705822,0.017004,19149.705893,19149.722901
R486:19149.740616,0.192528,19149.740669,19149.933200
R487:19149.740960,0.137790,19149.933273,19150.071068
R488:19149.775073,0.096936,19150.071155,19150.168094
R489:19149.880253,0.003813,19150.168180,19150.171994
R490:19149.899605,0.124326,19150.172040,19150.296368
R491:19150.220840,0.164599,19150.296460,19150.461064
R492:19150.232889,0.429100,19150.461148,19150.890251
R493:19150.256178,0.091862,19150.890345,19150.982209
R494:19150.333065,0.146954,19150.982300,19151.129255
R495:19150.395848,0.103706,19151.129345,19151.233052
R496:19150.618792,0.017920,19151.233138,19151.251060
R497:19150.670835,0.014006,19151.251148,19151.265156
R498:19150.852931,0.032612,19151.265236,19151.297850
R499:19150.965008,0.063366,19151.297947,19151.361318
